"LA_length"=50.00000000
"LA_height"=6.76462661
"LA_width"=4.67766733
"radius_pin"=2.33883367
