"LA_length"=50.00000000
"LA_height"=13.95823151
"LA_width"=9.65196859
"radius_pin"=4.82598430
