"LA_length"=0.10484506
"LA_height"=0.02847919
"LA_width"=0.01969306
"radius_pin"=0.00984653
