"LA_length"=0.27719996
"LA_height"=0.01401399
"LA_width"=0.00969053
"radius_pin"=0.00484526
