"LA_length"=104.84505691
"LA_height"=28.33511482
"LA_width"=19.59343046
"radius_pin"=9.79671523
