"LA_length"=120.76055122
"LA_height"=29.80845295
"LA_width"=20.61222810
"radius_pin"=10.30611405
