"LA_length"=104.84505691
"LA_height"=28.29754788
"LA_width"=19.56745332
"radius_pin"=9.78372666
