"shell_outer_radius"=86.68236199
"fin_platform_width"=43.57264593
"fin_platform_height"=51.23340367
"fin_thickness"=5.77882413
"partial_sidebar_length"=248.75000000
"shell_length"=133.89441469
