"shell_outer_radius"=86.72390679
"fin_platform_width"=43.59832203
"fin_platform_height"=51.71666667
"fin_thickness"=5.78159379
"partial_sidebar_length"=248.75000000
"shell_length"=133.89441469
