"shell_outer_radius"=80.38129641
"fin_platform_width"=39.67837324
"fin_platform_height"=46.74126762
"fin_thickness"=5.35875309
"partial_sidebar_length"=215.67500000
"shell_length"=123.56541699
