"backplate_thickness"=12.39930825
"backplate_height"=242.25000000
"backplate_width"=85.70000000
"hinge_diameter"=7.33770321
"hinge_height"=11.66817362
"frontplate_height"=11.66817362
"frontplate_thickness"=20.00000000
"adjustment_thickness"=4.89951921
"adjustment_height"=24.22500000
"Padding_Area1"=1748.12223931
"Padding_Area2"=1748.12223931
"Padding_Area3"=388.47160874
