"backplate_thickness"=8.53593228
"backplate_height"=242.25000000
"backplate_width"=257.10000000
"hinge_diameter"=8.03769690
"hinge_height"=13.90019539
"frontplate_height"=13.90019539
"frontplate_thickness"=20.00000000
"adjustment_thickness"=3.56214824
"adjustment_height"=24.22500000
"Padding_Area1"=2485.62289580
"Padding_Area2"=2485.62289580
"Padding_Area3"=552.36064351
