"backplate_thickness"=14.40220260
"backplate_height"=262.50000000
"backplate_width"=90.00000000
"hinge_diameter"=8.09723308
"hinge_height"=14.14134622
"frontplate_height"=14.14134622
"frontplate_thickness"=20.00000000
"adjustment_thickness"=4.98248783
"adjustment_height"=26.25000000
"Padding_Area1"=2283.42234245
"Padding_Area2"=2283.42234245
"Padding_Area3"=507.42718721
