"backplate_thickness"=14.23743012
"backplate_height"=262.50000000
"backplate_width"=100.00000000
"hinge_diameter"=8.42439351
"hinge_height"=15.16426412
"frontplate_height"=15.16426412
"frontplate_thickness"=20.00000000
"adjustment_thickness"=5.13421512
"adjustment_height"=26.25000000
"Padding_Area1"=2482.39529083
"Padding_Area2"=2482.39529083
"Padding_Area3"=551.64339796
