"backplate_thickness"=14.24342288
"backplate_height"=262.50000000
"backplate_width"=100.00000000
"hinge_diameter"=10.37950508
"hinge_height"=32.20430682
"frontplate_height"=32.20430682
"frontplate_thickness"=16.00000000
"adjustment_thickness"=5.13386158
"adjustment_height"=26.25000000
"Padding_Area1"=2496.02323688
"Padding_Area2"=2496.02323688
"Padding_Area3"=554.67183042
