"backplate_thickness"=14.01757847
"backplate_height"=270.00000000
"backplate_width"=100.00000000
"hinge_diameter"=8.41358724
"hinge_height"=15.11604675
"frontplate_height"=15.11604675
"frontplate_thickness"=20.00000000
"adjustment_thickness"=5.00903385
"adjustment_height"=27.00000000
"Padding_Area1"=2400.81972358
"Padding_Area2"=2400.81972358
"Padding_Area3"=533.51549413
