"backplate_thickness"=25.56950687
"backplate_height"=262.50000000
"backplate_width"=100.00000000
"hinge_diameter"=27.27414066
"hinge_height"=-28.18535166
"frontplate_height"=-28.18535166
"frontplate_thickness"=20.00000000
"adjustment_thickness"=-8.94884915
"adjustment_height"=26.25000000
"Padding_Area1"=4602.51123710
"Padding_Area2"=4602.51123710
"Padding_Area3"=1022.78027491
