"backplate_thickness"=10.60908672
"backplate_height"=284.29500000
"backplate_width"=133.00000000
"hinge_diameter"=9.54764209
"hinge_height"=83.88212687
"frontplate_height"=83.88212687
"frontplate_thickness"=16.00000000
"adjustment_thickness"=3.52061470
"adjustment_height"=28.42950000
"Padding_Area1"=1700.10510064
"Padding_Area2"=1700.10510064
"Padding_Area3"=377.80113348
