"backplate_thickness"=8.30320967
"backplate_height"=284.29500000
"backplate_width"=339.39000000
"hinge_diameter"=8.87701497
"hinge_height"=16.67958886
"frontplate_height"=16.67958886
"frontplate_thickness"=20.00000000
"adjustment_thickness"=4.82720575
"adjustment_height"=28.42950000
"Padding_Area1"=2652.49419859
"Padding_Area2"=2652.49419859
"Padding_Area3"=589.44315524
