"LA_length"=104.84505691
"waist_diameter"=318.30988618
"partial_sidebar_length"=248.75000000
"shell_length"=133.89441469
