"LA_length"=50.00000000
"waist_diameter"=272.79157246
"partial_sidebar_length"=215.67500000
"shell_length"=123.56541699
