"LA_length"=50.00000000
"waist_diameter"=423.35214862
"partial_sidebar_length"=284.34850000
"shell_length"=145.01147666
