"LA_length"=120.76055122
"waist_diameter"=286.47889757
"partial_sidebar_length"=248.75000000
"shell_length"=133.89441469
